0.640213 536
1.49995 0
1.49995 536
1.49995 1072
2.46048 0
2.46048 536
2.46048 1072
2.46048 1608
3.42101 536
3.42101 1072
3.42101 1608
3.42101 2144
3.71541 1608
3.71541 2144
3.71541 2680
4.38155 1608
4.38155 2144
4.38155 2680
4.38155 3216
4.66475 2144
4.66475 2680
4.66475 3216
4.66475 3752
4.95915 3216
4.95915 3752
4.95915 4288
5.51435 3216
5.51435 3752
5.51435 4288
5.51435 4824
5.70315 3752
5.70315 4288
5.70315 4824
5.70315 5360
6.08075 4288
6.08075 4824
6.08075 5360
6.08075 5896
6.45835 4824
6.45835 5360
6.45835 5896
6.45835 6432
7.30795 5360
7.30795 5896
7.30795 6432
7.30795 6968
7.49675 5896
7.49675 6432
7.49675 6968
7.49675 7504
7.68555 6432
7.68555 6968
7.68555 7504
7.68555 8040
8.26315 7504
8.26315 8040
8.26315 8576
8.64075 8040
8.64075 8576
8.64075 9112
8.82048 8576
8.82048 9112
8.91488 8576
8.91488 9112
9.00928 8040
9.00928 8576
9.29248 8040
9.38688 7504
9.76661 6968
9.86101 6432
9.95755 5360
10.2407 4824
10.3351 3752
10.7127 3216
10.7127 3752
10.8071 3216
10.8071 3752
10.9015 3216
10.9015 3752
11.1847 3216
11.1847 3752
11.2791 2680
11.2791 3216
11.2791 3752
11.6567 3216
11.6567 3752
12.1266 3216
12.1266 3752
12.3133 3216
12.3133 3752
12.4077 3216
12.4077 3752
12.6909 3216
12.6909 3752
12.7831 3216
12.7831 3752
13.0775 3216
13.0775 3752
13.6439 3216
13.6439 3752
14.1047 3216
14.1047 3752
14.4823 2680
14.4823 3216
14.4823 3752
14.4823 4288
14.7767 3752
14.7767 4288
14.9543 3216
14.9543 3752
14.9543 4288
15.6272 3752
15.6272 4288
15.8983 3216
15.8983 3752
15.8983 4288
16.0871 3216
16.0871 3752
16.0871 4288
16.3703 3216
16.3703 3752
16.3703 4288
16.6647 3752
16.6647 4288
16.9367 3216
16.9367 3752
16.9367 4288
17.1255 3216
17.1255 3752
17.1255 4288
17.1255 4824
17.4087 3752
17.4087 4288
17.4087 4824
17.7031 4288
17.7031 4824
18.0807 4288
18.0807 4824
18.2583 3752
18.2583 4288
18.2583 4824
18.4471 3752
18.4471 4288
18.4471 4824
18.6359 3752
18.6359 4288
18.6359 4824
18.9191 3752
18.9191 4288
18.9191 4824
19.4023 4288
19.4023 4824
19.5799 3752
19.5799 4288
19.5799 4824
19.5799 5360
19.7687 4288
19.7687 4824
19.7687 5360
19.9575 4288
19.9575 4824
19.9575 5360
20.1463 4288
20.1463 4824
20.1463 5360
20.7127 4288
20.7127 4824
20.7127 5360
20.9959 4288
20.9959 4824
20.9959 5360
21.1847 4288
21.1847 4824
21.1847 5360
21.3735 4288
21.3735 4824
21.3735 5360
21.5623 4288
21.5623 4824
21.5623 5360
22.2231 4288
22.2231 4824
22.2231 5360
22.5063 4288
22.5063 4824
22.5063 5360
22.6951 4288
22.6951 4824
22.6951 5360
22.6951 5896
22.8839 4824
22.8839 5360
22.8839 5896
23.0727 4824
23.0727 5360
23.0727 5896
23.7335 4824
23.7335 5360
23.7335 5896
23.9223 4824
23.9223 5360
23.9223 5896
24.2055 4824
24.2055 5360
24.2055 5896
24.3943 4824
24.3943 5360
24.3943 5896
24.5831 4824
24.5831 5360
24.5831 5896
24.8775 5360
24.8775 5896
25.3383 4824
25.3383 5360
25.3383 5896
25.6215 4824
25.6215 5360
25.6215 5896
25.9047 4824
25.9047 5360
25.9047 5896
26.0935 4824
26.0935 5360
26.0935 5896
26.0935 6432
26.2823 5360
26.2823 5896
26.2823 6432
26.6711 5896
26.6711 6432
27.0375 5360
27.0375 5896
27.0375 6432
27.3207 5360
27.3207 5896
27.3207 6432
27.5095 5360
27.5095 5896
27.5095 6432
27.8871 5360
27.8871 5896
27.8871 6432
28.0759 5360
28.0759 5896
28.0759 6432
28.3703 5896
28.3703 6432
28.6535 5896
28.6535 6432
28.8311 5360
28.8311 5896
28.8311 6432
29.1143 5360
29.1143 5896
29.1143 6432
29.3975 5360
29.3975 5896
29.3975 6432
29.3975 6968
29.7751 5896
29.7751 6432
29.7751 6968
29.9639 5896
29.9639 6432
29.9639 6968
30.4471 6432
30.4471 6968
30.6247 5896
30.6247 6432
30.6247 6968
30.8135 5896
30.8135 6432
30.8135 6968
31.0967 5896
31.0967 6432
31.0967 6968
31.2855 5896
31.2855 6432
31.2855 6968
31.7575 5896
31.7575 6432
31.7575 6968
32.0519 6432
32.0519 6968
32.3239 5896
32.3239 6432
32.3239 6968
32.7015 5896
32.7015 6432
32.7015 6968
32.8903 5896
32.8903 6432
32.8903 6968
33.1735 5896
33.1735 6432
33.1735 6968
33.5511 5896
33.5511 6432
33.5511 6968
33.5511 7504
33.8343 6432
33.8343 6968
33.8343 7504
34.3063 6432
34.3063 6968
34.3063 7504
34.6007 6968
34.6007 7504
34.7783 6432
34.7783 6968
34.7783 7504
35.2615 6968
35.2615 7504
35.3469 6968
35.3469 7504
35.4413 6968
35.4413 7504
35.5357 6432
35.5357 6968
35.7245 6432
35.8189 5896
36.1021 5360
36.1965 4824
36.5741 4288
36.6685 3752
36.7629 3216
37.0461 2680
37.0461 3216
37.1405 2680
37.1405 3216
37.4237 2680
37.4237 3216
37.5181 2680
37.5181 3216
37.7069 2680
37.7069 3216
37.9879 2680
37.9879 3216
38.7431 2144
38.7431 2680
38.7431 3216
39.1207 2144
39.1207 2680
39.1207 3216
39.4151 2680
39.4151 3216
39.6983 2680
39.6983 3216
40.3479 2144
40.3479 2680
40.3479 3216
40.7255 2144
40.7255 2680
40.7255 3216
41.1143 2680
41.1143 3216
41.1143 3752
41.3975 3216
41.3975 3752
41.9527 2680
41.9527 3216
41.9527 3752
42.4247 2680
42.4247 3216
42.4247 3752
42.8023 2680
42.8023 3216
42.8023 3752
43.2855 3216
43.2855 3752
43.7463 2680
43.7463 3216
43.7463 3752
44.1239 2680
44.1239 3216
44.1239 3752
44.1239 4288
44.5959 3216
44.5959 3752
44.5959 4288
45.3623 3752
45.3623 4288
45.5399 3216
45.5399 3752
45.5399 4288
45.9175 3216
45.9175 3752
45.9175 4288
46.2119 3752
46.2119 4288
46.4839 3216
46.4839 3752
46.4839 4288
47.3447 3752
47.3447 4288
47.5223 3216
47.5223 3752
47.5223 4288
47.8999 3216
47.8999 3752
47.8999 4288
47.8999 4824
48.1943 4288
48.1943 4824
48.4663 3752
48.4663 4288
48.4663 4824
49.3159 3752
49.3159 4288
49.3159 4824
49.6103 4288
49.6103 4824
49.8823 3752
49.8823 4288
49.8823 4824
50.1767 4288
50.1767 4824
50.4487 3752
50.4487 4288
50.4487 4824
50.9319 4288
50.9319 4824
51.2039 3752
51.2039 4288
51.2039 4824
51.2039 5360
51.5927 4824
51.5927 5360
51.7703 4288
51.7703 4824
51.7703 5360
52.2535 4824
52.2535 5360
52.4311 4288
52.4311 4824
52.4311 5360
52.9152 4824
52.9152 5360
53.0919 4288
53.0919 4824
53.0919 5360
53.3751 4288
53.3751 4824
53.3751 5360
53.6583 4288
53.6583 4824
53.6583 5360
53.8471 4288
53.8471 4824
53.8471 5360
54.1415 4824
54.1415 5360
54.4135 4288
54.4135 4824
54.4135 5360
54.4135 5896
54.7079 5360
54.7079 5896
54.9799 4824
54.9799 5360
54.9799 5896
55.3575 4824
55.3575 5360
55.3575 5896
55.5463 4824
55.5463 5360
55.5463 5896
55.7351 4824
55.7351 5360
55.7351 5896
55.9239 4824
55.9239 5360
55.9239 5896
56.4903 4824
56.4903 5360
56.4903 5896
56.6791 4824
56.6791 5360
56.6791 5896
56.8679 4824
56.8679 5360
56.8679 5896
57.0567 4824
57.0567 5360
57.0567 5896
57.2455 4824
57.2455 5360
57.2455 5896
57.5399 5360
57.5399 5896
57.5399 6432
57.7175 5360
57.7175 5896
57.7175 6432
58.0007 5360
58.0007 5896
58.0007 6432
58.1895 5360
58.1895 5896
58.1895 6432
58.3783 5360
58.3783 5896
58.3783 6432
58.5671 5360
58.5671 5896
58.5671 6432
58.9447 5360
58.9447 5896
58.9447 6432
59.2279 5360
59.2279 5896
59.2279 6432
59.5111 5360
59.5111 5896
59.5111 6432
59.6999 5360
59.6999 5896
59.6999 6432
59.8887 5360
59.8887 5896
59.8887 6432
60.0775 5360
60.0775 5896
60.0775 6432
60.4551 5360
60.4551 5896
60.4551 6432
60.4551 6968
60.7383 5896
60.7383 6432
60.7383 6968
60.9271 5896
60.9271 6432
60.9271 6968
61.3047 5896
61.3047 6432
61.3047 6968
61.4935 5896
61.4935 6432
61.4935 6968
61.6823 5896
61.6823 6432
61.6823 6968
62.0599 5896
62.0599 6432
62.0599 6968
62.2487 5896
62.2487 6432
62.2487 6968
62.5319 5896
62.5319 6432
62.5319 6968
62.8263 6432
62.8263 6968
63.0039 5896
63.0039 6432
63.0039 6968
63.1927 5896
63.1927 6432
63.1927 6968
63.3815 5896
63.3815 6432
63.3815 6968
63.7591 5896
63.7591 6432
63.7591 6968
63.9479 5896
63.9479 6432
63.9479 6968
63.9479 7504
64.1367 6432
64.1367 6968
64.1367 7504
64.6199 6968
64.6199 7504
64.7975 6432
64.7975 6968
64.7975 7504
64.9863 6432
64.9863 6968
64.9863 7504
65.1751 6432
65.1751 6968
65.1751 7504
65.5527 6432
65.5527 6968
65.5527 7504
65.7415 6432
65.7415 6968
65.7415 7504
65.9303 6432
65.9303 6968
65.9303 7504
66.2247 6968
66.2247 7504
66.5911 6432
66.5911 6968
66.5911 7504
66.7799 6432
66.7799 6968
66.7799 7504
66.9687 6432
66.9687 6968
66.9687 7504
67.2631 6968
67.2631 7504
67.4407 6432
67.4407 6968
67.4407 7504
67.6295 6432
67.6295 6968
67.6295 7504
67.6295 8040
67.8183 6968
67.8183 7504
67.8183 8040
68.3015 7504
68.3015 8040
68.4791 6968
68.4791 7504
68.4791 8040
68.7623 6968
68.7623 7504
68.7623 8040
68.9511 6968
68.9511 7504
68.9511 8040
69.3287 6968
69.3287 7504
69.3287 8040
69.5175 6968
69.5175 7504
69.5175 8040
69.5175 8240
69.7063 7168
70.1783 6096
70.3671 5024
70.7447 3952
71.0391 3416
71.2167 2344
71.4055 1272
71.5943 200
71.8059 0
