0.630933 536
1.40555 0
1.40555 536
1.40555 1072
2.27168 0
2.27168 536
2.27168 1072
2.27168 1608
3.13781 536
3.13781 1072
3.13781 1608
3.13781 2144
3.43221 1608
3.43221 2144
3.43221 2680
4.00395 1608
4.00395 2144
4.00395 2680
4.00395 3216
4.28715 2144
4.28715 2680
4.28715 3216
4.28715 3752
4.67595 3216
4.67595 3752
4.67595 4288
4.94795 3216
4.94795 3752
4.94795 4288
4.94795 4824
5.13675 3752
5.13675 4288
5.13675 4824
5.13675 5360
5.32555 4288
5.32555 4824
5.32555 5360
5.32555 5896
5.98635 4824
5.98635 5360
5.98635 5896
5.98635 6432
6.36395 5360
6.36395 5896
6.36395 6432
6.36395 6968
6.64715 5896
6.64715 6432
6.64715 6968
6.64715 7504
6.83595 6432
6.83595 6968
6.83595 7504
6.83595 8040
7.02475 6968
7.02475 7504
7.02475 8040
7.02475 8576
7.31915 8040
7.31915 8576
7.31915 9112
7.87435 8040
7.87435 8576
7.87435 9112
7.87435 9648
8.15755 8576
8.15755 9112
8.15755 9648
8.15755 10184
8.34635 9112
8.34635 9648
8.34635 10184
8.34635 10720
8.62955 9648
8.62955 10184
8.62955 10720
8.62955 11256
8.92395 10720
8.92395 11256
8.92395 11792
9.10368 11256
9.10368 11792
9.19808 11256
9.19808 11792
9.48341 10720
9.48341 11256
9.57781 10720
9.67221 9112
10.0519 8576
10.1463 8040
10.4295 6968
10.5239 5896
10.6183 2680
10.6183 3216
10.6183 3752
10.6183 4288
10.6183 4824
10.6183 5360
10.9959 4824
10.9959 5360
11.0903 4824
11.0903 5360
11.3735 4824
11.3735 5360
11.4679 4824
11.4679 5360
11.5623 4824
11.5623 5360
11.7511 4824
11.7511 5360
11.8455 4824
11.8455 5360
11.9378 4824
11.9378 5360
12.0301 4824
12.0301 5360
12.2189 4824
12.2189 5360
12.5021 4824
12.5021 5360
12.5965 4824
12.5965 5360
12.9741 4824
12.9741 5360
13.0663 4824
13.0663 5360
13.4551 4824
13.4551 5360
13.7271 4824
13.7271 5360
14.0215 4824
14.0215 5360
14.2935 4824
14.2935 5360
14.6733 4824
14.6733 5360
15.0509 4824
15.0509 5360
15.1474 4824
15.2418 3752
15.3362 2680
15.525 2144
15.6194 1608
15.6194 2144
15.8082 1608
15.8082 2144
16.1858 1608
16.1858 2144
16.5634 1608
16.5634 2144
16.6557 1608
16.6557 2144
16.8423 1608
16.8423 2144
17.5143 1608
17.5143 2144
17.7863 1608
17.7863 2144
18.0695 1072
18.0695 1608
18.0695 2144
18.0695 2680
19.0135 1608
19.0135 2144
19.0135 2680
19.2967 1608
19.2967 2144
19.2967 2680
19.5911 2144
19.5911 2680
20.3351 1608
20.3351 2144
20.3351 2680
20.5239 1608
20.5239 2144
20.5239 2680
20.5239 3216
21.0071 2680
21.0071 3216
21.7511 2144
21.7511 2680
21.7511 3216
21.9399 2144
21.9399 2680
21.9399 3216
22.2343 2680
22.2343 3216
22.6119 2680
22.6119 3216
23.2615 2144
23.2615 2680
23.2615 3216
23.4503 2144
23.4503 2680
23.4503 3216
23.4503 3752
23.8391 3216
23.8391 3752
24.2167 3216
24.2167 3752
24.8663 2680
24.8663 3216
24.8663 3752
25.0551 2680
25.0551 3216
25.0551 3752
25.3495 3216
25.3495 3752
25.6327 3216
25.6327 3752
26.0103 3216
26.0103 3752
26.0103 4288
26.5655 3216
26.5655 3752
26.5655 4288
26.7543 3216
26.7543 3752
26.7543 4288
27.1431 3752
27.1431 4288
27.4263 3752
27.4263 4288
27.6983 3216
27.6983 3752
27.6983 4288
28.3591 3216
28.3591 3752
28.3591 4288
28.6423 3216
28.6423 3752
28.6423 4288
29.1255 3752
29.1255 4288
29.4087 3752
29.4087 4288
29.4087 4824
29.5863 3752
29.5863 4288
29.5863 4824
30.1527 3752
30.1527 4288
30.1527 4824
30.4359 3752
30.4359 4288
30.4359 4824
31.2023 4288
31.2023 4824
31.4743 3752
31.4743 4288
31.4743 4824
31.7687 4288
31.7687 4824
32.0407 3752
32.0407 4288
32.0407 4824
32.3351 4288
32.3351 4824
32.5127 3752
32.5127 4288
32.5127 4824
32.5127 5360
33.1847 4824
33.1847 5360
33.3623 4288
33.3623 4824
33.3623 5360
33.8455 4824
33.8455 5360
34.0231 4288
34.0231 4824
34.0231 5360
34.3175 4824
34.3175 5360
34.5895 4288
34.5895 4824
34.5895 5360
34.9671 4288
34.9671 4824
34.9671 5360
35.2503 4288
35.2503 4824
35.2503 5360
35.8279 4824
35.8279 5360
36.0055 4288
36.0055 4824
36.0055 5360
36.3831 4288
36.3831 4824
36.3831 5360
36.3831 5896
36.6775 5360
36.6775 5896
36.9495 4824
36.9495 5360
36.9495 5896
37.3271 4824
37.3271 5360
37.3271 5896
37.7991 4824
37.7991 5360
37.7991 5896
38.0823 4824
38.0823 5360
38.0823 5896
38.2711 4824
38.2711 5360
38.2711 5896
38.4599 4824
38.4599 5360
38.4599 5896
38.7543 5360
38.7543 5896
38.9319 4824
38.9319 5360
38.9319 5896
39.4039 4824
39.4039 5360
39.4039 5896
39.6871 4824
39.6871 5360
39.6871 5896
39.6871 6432
39.8759 5360
39.8759 5896
39.8759 6432
40.0647 5360
40.0647 5896
40.0647 6432
40.4423 5360
40.4423 5896
40.4423 6432
40.7367 5896
40.7367 6432
41.0087 5360
41.0087 5896
41.0087 6432
41.2919 5360
41.2919 5896
41.2919 6432
41.4807 5360
41.4807 5896
41.4807 6432
41.6695 5360
41.6695 5896
41.6695 6432
41.9639 5896
41.9639 6432
42.1415 5360
42.1415 5896
42.1415 6432
42.5191 5360
42.5191 5896
42.5191 6432
42.8135 5896
42.8135 6432
42.9911 5360
42.9911 5896
42.9911 6432
42.9911 6968
43.2743 5896
43.2743 6432
43.2743 6968
43.4631 5896
43.4631 6432
43.4631 6968
43.8407 5896
43.8407 6432
43.8407 6968
44.1351 6432
44.1351 6968
44.3127 5896
44.3127 6432
44.3127 6968
44.6903 5896
44.6903 6432
44.6903 6968
44.8791 5896
44.8791 6432
44.8791 6968
45.0679 5896
45.0679 6432
45.0679 6968
45.3511 5896
45.3511 6432
45.3511 6968
45.7287 5896
45.7287 6432
45.7287 6968
46.2007 5896
46.2007 6432
46.2007 6968
46.4951 6432
46.4951 6968
46.6727 5896
46.6727 6432
46.6727 6968
46.8615 5896
46.8615 6432
46.8615 6968
46.8615 7504
47.0503 6432
47.0503 6968
47.0503 7504
47.3335 6432
47.3335 6968
47.3335 7504
47.7111 6432
47.7111 6968
47.7111 7504
48.1831 6432
48.1831 6968
48.1831 7504
48.4775 6968
48.4775 7504
48.6551 6432
48.6551 6968
48.6551 7504
48.8439 6432
48.8439 6968
48.8439 7504
49.0327 6432
49.0327 6968
49.0327 7504
49.4215 6968
49.4215 7504
49.5991 6432
49.5991 6968
49.5991 7504
49.8935 6968
49.8935 7504
50.1655 6432
50.1655 6968
50.1655 7504
50.4599 6968
50.4599 7504
50.6375 6432
50.6375 6968
50.6375 7504
50.6375 8040
50.8285 7504
50.8285 8040
50.9229 7504
50.9229 8040
51.0173 6968
51.0173 7504
51.3005 6968
51.4893 6432
51.5837 5896
51.8669 5360
51.9613 4824
52.1501 4288
52.2445 3752
52.5277 3216
52.6221 2680
52.6221 3216
52.813 2680
52.813 3216
52.9074 2680
52.9074 3216
53.285 2144
53.285 2680
53.285 3216
53.4028 0
53.4028 536
53.4717 0
53.4717 536
53.4717 1072
54.6023 0
54.6023 536
54.6023 1072
54.6023 1608
54.8855 1072
54.8855 1608
56.2071 536
56.2071 1072
56.2071 1608
56.5959 1072
56.5959 1608
57.5287 536
57.5287 1072
57.5287 1608
57.5287 2144
58.0119 1608
58.0119 2144
58.8503 1072
58.8503 1608
58.8503 2144
59.2391 1608
59.2391 2144
59.6167 1608
59.6167 2144
59.6167 2680
60.2663 1608
60.2663 2144
60.2663 2680
60.8439 2144
60.8439 2680
61.1159 1608
61.1159 2144
61.1159 2680
61.8711 1608
61.8711 2144
61.8711 2680
62.6375 2144
62.6375 2680
62.8151 1608
62.8151 2144
62.8151 2680
62.8151 3216
63.5703 2144
63.5703 2680
63.5703 3216
64.3255 2144
64.3255 2680
64.3255 3216
64.6087 2144
64.6087 2680
64.6087 3216
65.3639 2144
65.3639 2680
65.3639 3216
66.2135 2144
66.2135 2680
66.2135 3216
66.4023 2144
66.4023 2680
66.4023 3216
66.4023 3752
67.2519 2680
67.2519 3216
67.2519 3752
68.0071 2680
68.0071 3216
68.0071 3752
68.2903 2680
68.2903 3216
68.2903 3752
68.8679 3216
68.8679 3752
69.1399 2680
69.1399 3216
69.1399 3752
69.8951 2680
69.8951 3216
69.8951 3752
70.2839 3216
70.2839 3752
70.6503 2680
70.6503 3216
70.6503 3752
70.6503 4288
71.0279 3216
71.0279 3752
71.0279 4288
71.7831 3216
71.7831 3752
71.7831 4288
72.0126 3216
72.0126 3752
72.0126 4288
72.2014 3216
72.2014 3752
72.2014 4288
72.3902 3216
72.3902 3752
72.3902 4288
72.6579 3216
72.6579 3752
72.6579 4288
72.8787 3216
72.8787 3752
72.8787 4288
73.0675 3216
73.0675 3752
73.0675 4288
73.0675 4824
73.2563 3752
73.2563 4288
73.2563 4824
73.5241 3752
73.5241 4288
73.5241 4824
73.7449 3752
73.7449 4288
73.7449 4824
73.9337 3752
73.9337 4288
73.9337 4824
74.1225 3752
74.1225 4288
74.1225 4824
74.3113 3752
74.3113 4288
74.3113 4824
74.5166 3752
74.5166 4288
74.5166 4824
74.7054 3752
74.7054 4288
74.7054 4824
74.8942 3752
74.8942 4288
74.8942 4824
75.083 3752
75.083 4288
75.083 4824
75.083 5360
75.2883 4288
75.2883 4824
75.2883 5360
75.4771 4288
75.4771 4824
75.4771 5360
75.6659 4288
75.6659 4824
75.6659 5360
75.8547 4288
75.8547 4672
76.0435 3600
76.2323 2528
76.4211 1456
76.6099 384
76.6719 0
