9.17075 4556
9.17075 4556
11.7045 4556
12.0384 4556
12.5119 4556
12.693 4556
12.9402 4556
13.3063 4556
13.378 4556
13.7196 4556
13.7912 4556
14.1573 4556
14.4045 4556
14.7196 4556
14.7989 4556
15.0706 4556
15.3178 4556
15.429 4556
15.8063 4556
16.0119 4556
16.2591 4556
16.378 4556
16.6496 4556
16.744 4556
17.208 4556
17.2836 4556
17.6458 4556
17.893 4556
17.9647 4556
18.1892 4556
18.5986 4556
18.8458 4556
18.9647 4556
19.1458 4556
19.2402 4556
19.4685 4556
19.8741 4556
20.2402 4556
20.4647 4556
20.5591 4556
20.8308 4556
21.1968 4556
21.444 4556
21.5196 4556
21.7912 4556
22.0157 4556
22.2629 4556
22.3346 4556
22.4762 4556
22.9007 4556
23.0234 4556
23.2706 4556
23.3895 4556
23.6612 4556
23.9084 4556
24.0272 4556
24.35 4556
24.5972 4556
24.716 4556
25.084 2948
25.084 2948
27.5576 2948
27.6804 2948
28.1048 2948
28.7426 2948
28.9048 2948
29.152 2948
29.3972 2948
30.1765 2948
30.401 2948
30.6727 2948
31.4444 2948
31.8104 2948
31.9482 2948
32.1954 2948
32.5975 2948
32.8335 2948
32.9279 2948
33.3167 2948
33.4943 2948
33.6831 2948
33.8247 2948
34.1191 2948
34.3439 2948
34.5327 2948
34.6743 2948
34.9687 2948
35.2047 2948
35.3351 2948
35.5239 2948
35.6655 2948
35.9959 2948
36.2791 2948
36.4679 2948
36.6095 2948
36.9039 2948
37.0343 2948
37.3647 2948
37.5063 2948
37.6951 2948
37.9783 2948
38.1671 2948
38.4975 2948
38.6391 2948
38.8279 2948
39.1111 2948
39.2999 2948
39.6775 2948
39.8191 2948
40.0079 2948
40.2911 2948
40.4799 2948
40.7743 2948
40.9047 2948
41.0463 2948
41.2351 2948
41.5183 2948
41.7071 2948
42.0375 2948
42.1791 2948
42.4151 2948
42.6983 2948
42.8871 2948
43.0287 2948
43.3119 2948
43.5007 2948
43.6895 2948
43.9727 2948
44.1615 2948
44.3031 2948
44.5863 2948
44.7751 2948
44.9639 2948
45.2471 2948
45.4359 2948
45.5775 2948
45.8607 2948
46.0023 2948
46.1911 2948
46.4383 2948
46.5215 2948
46.7103 2948
46.9935 2948
47.1351 2948
47.4183 2948
47.5127 2948
47.7487 2948
47.9847 2948
48.2207 2948
48.4095 2948
48.6455 2948
48.7399 2948
48.9287 2948
49.1175 2948
49.2591 2948
49.4951 2948
49.6839 2948
49.9199 2948
50.0615 2948
50.2031 2948
50.3447 2948
50.4391 2948
50.5335 2948
50.7223 2948
50.9583 2948
51.0999 2948
51.2887 2948
51.4775 2948
51.5719 2948
51.6663 2948
51.8551 2948
52.1383 2948
52.2957 2948
52.3901 2948
52.4845 2948
52.5789 2948
52.6733 2948
52.7677 2948
52.8928 2948
53.0503 2948
53.1447 2948
53.2391 2948
53.3335 2948
53.4279 2948
53.5223 2948
53.6167 2948
53.7111 2948
53.852 2948
53.9464 2948
54.0408 2948
54.1352 2948
54.2296 2948
54.324 2948
54.4076 2948
