0.63248 536
1.46515 0
1.46515 536
1.46515 1072
2.52115 0
2.52115 536
2.52115 1072
2.52115 1608
3.79779 536
3.79779 1072
3.79779 1608
3.79779 2144
4.04499 1608
4.04499 2144
4.04499 2680
5.07827 1608
5.07827 2144
5.07827 2680
5.07827 3216
5.32547 2680
5.32547 3216
5.32547 3752
5.40099 2680
5.40099 3216
5.40099 3752
5.40099 4288
6.33075 3216
6.33075 3752
6.33075 4288
6.33075 4824
6.67235 4288
6.67235 4824
6.67235 5360
6.83843 4288
6.83843 4824
6.83843 5360
6.83843 5896
7.06291 4824
7.06291 5360
7.06291 5896
7.06291 6432
7.31011 5896
7.31011 6432
7.31011 6968
7.60627 5896
7.60627 6432
7.60627 6968
7.60627 7504
7.85347 6968
7.85347 7504
7.85347 8040
7.97619 6968
7.97619 7504
7.97619 8040
7.97619 8576
8.31779 8040
8.31779 8576
8.31779 9112
8.48387 8040
8.48387 8576
8.48387 9112
8.48387 9648
8.73107 9112
8.73107 9648
8.73107 10184
8.80467 9648
8.80467 10184
8.85187 9648
8.85187 10184
9.17075 9112
9.17075 9648
9.21795 9112
9.26515 8576
9.49539 8040
9.54259 7504
9.86339 6432
9.91059 5896
9.95779 2680
9.95779 3216
9.95779 3752
9.95779 4288
10.1351 3752
10.1351 4288
10.1823 3752
10.1823 4288
10.3596 3752
10.3596 4288
10.4068 3752
10.4068 4288
10.452 3752
10.452 4288
11.2026 3752
11.2026 4288
11.2498 3752
11.2498 4288
11.297 3752
11.297 4288
11.3876 3752
11.3876 4288
11.4348 3752
11.4348 4288
11.6101 3752
11.6101 4288
11.7045 3752
11.7045 4288
12.0384 3752
12.0384 4288
12.5119 3752
12.5119 4288
12.693 3752
12.693 4288
12.9402 3752
12.9402 4288
12.9402 4824
13.3063 4288
13.3063 4824
13.378 3752
13.378 4288
13.378 4824
13.7196 4288
13.7196 4824
13.7912 3752
13.7912 4288
13.7912 4824
14.1573 3752
14.1573 4288
14.1573 4824
14.4045 4288
14.4045 4824
14.7196 4288
14.7196 4824
14.7989 3752
14.7989 4288
14.7989 4824
15.0706 3752
15.0706 4288
15.0706 4824
15.0706 5360
15.3178 4824
15.3178 5360
15.429 4288
15.429 4824
15.429 5360
15.8063 4824
15.8063 5360
16.0119 4288
16.0119 4824
16.0119 5360
16.2591 4824
16.2591 5360
16.378 4288
16.378 4824
16.378 5360
16.6496 4288
16.6496 4824
16.6496 5360
16.744 4288
16.744 4824
16.744 5360
17.208 4824
17.208 5360
17.2836 4288
17.2836 4824
17.2836 5360
17.6458 4288
17.6458 4824
17.6458 5360
17.6458 5896
17.893 5360
17.893 5896
17.9647 4824
17.9647 5360
17.9647 5896
18.1892 4824
18.1892 5360
18.1892 5896
18.5986 4824
18.5986 5360
18.5986 5896
18.8458 5360
18.8458 5896
18.9647 4824
18.9647 5360
18.9647 5896
19.1458 4824
19.1458 5360
19.1458 5896
19.2402 4824
19.2402 5360
19.2402 5896
19.4685 4824
19.4685 5360
19.4685 5896
19.8741 4824
19.8741 5360
19.8741 5896
20.2402 4824
20.2402 5360
20.2402 5896
20.4647 4824
20.4647 5360
20.4647 5896
20.4647 6432
20.5591 5360
20.5591 5896
20.5591 6432
20.8308 5360
20.8308 5896
20.8308 6432
21.1968 5360
21.1968 5896
21.1968 6432
21.444 5896
21.444 6432
21.5196 5360
21.5196 5896
21.5196 6432
21.7912 5360
21.7912 5896
21.7912 6432
22.0157 5360
22.0157 5896
22.0157 6432
22.2629 5896
22.2629 6432
22.3346 5360
22.3346 5896
22.3346 6432
22.4762 5360
22.4762 5896
22.4762 6432
22.9007 5896
22.9007 6432
23.0234 5360
23.0234 5896
23.0234 6432
23.0234 6968
23.2706 6432
23.2706 6968
23.3895 5896
23.3895 6432
23.3895 6968
23.6612 5896
23.6612 6432
23.6612 6968
23.9084 6432
23.9084 6968
24.0272 5896
24.0272 6432
24.0272 6968
24.35 5896
24.35 6432
24.35 6968
24.5972 6432
24.5972 6968
24.716 5896
24.716 6432
24.716 6968
24.8952 6432
24.8952 6968
24.9424 6432
24.9424 6968
25.084 5896
25.084 6432
25.3085 5896
25.3557 5360
25.6274 4824
25.8181 4288
25.8653 3752
26.0464 2680
26.0936 2144
26.0936 2680
26.1408 2144
26.1408 2680
26.4125 2144
26.4125 2680
26.4597 2144
26.4597 2680
26.6351 2144
26.6351 2680
27.3104 2144
27.3104 2680
27.5576 2144
27.5576 2680
27.6804 1608
27.6804 2144
27.6804 2680
28.1048 2144
28.1048 2680
28.1048 3216
28.7426 2680
28.7426 3216
28.9048 2144
28.9048 2680
28.9048 3216
29.152 2680
29.152 3216
29.3972 2144
29.3972 2680
29.3972 3216
30.1765 2144
30.1765 2680
30.1765 3216
30.401 2144
30.401 2680
30.401 3216
30.6727 2144
30.6727 2680
30.6727 3216
30.6727 3752
31.4444 2680
31.4444 3216
31.4444 3752
31.8104 2680
31.8104 3216
31.8104 3752
31.9482 2680
31.9482 3216
31.9482 3752
32.1954 3216
32.1954 3752
32.5975 2680
32.5975 3216
32.5975 3752
32.8335 2680
32.8335 3216
32.8335 3752
32.9279 2680
32.9279 3216
32.9279 3752
32.9279 4288
33.3167 3752
33.3167 4288
33.4943 3216
33.4943 3752
33.4943 4288
33.6831 3216
33.6831 3752
33.6831 4288
33.8247 3216
33.8247 3752
33.8247 4288
34.1191 3752
34.1191 4288
34.3439 3216
34.3439 3752
34.3439 4288
34.5327 3216
34.5327 3752
34.5327 4288
34.6743 3216
34.6743 3752
34.6743 4288
34.9687 3752
34.9687 4288
34.9687 4824
35.2047 4288
35.2047 4824
35.3351 3752
35.3351 4288
35.3351 4824
35.5239 3752
35.5239 4288
35.5239 4824
35.6655 3752
35.6655 4288
35.6655 4824
35.9959 3752
35.9959 4288
35.9959 4824
36.2791 3752
36.2791 4288
36.2791 4824
36.4679 3752
36.4679 4288
36.4679 4824
36.6095 3752
36.6095 4288
36.6095 4824
36.9039 4288
36.9039 4824
36.9039 5360
37.0343 4288
37.0343 4824
37.0343 5360
37.3647 4288
37.3647 4824
37.3647 5360
37.5063 4288
37.5063 4824
37.5063 5360
37.6951 4288
37.6951 4824
37.6951 5360
37.9783 4288
37.9783 4824
37.9783 5360
38.1671 4288
38.1671 4824
38.1671 5360
38.4975 4288
38.4975 4824
38.4975 5360
38.6391 4288
38.6391 4824
38.6391 5360
38.8279 4288
38.8279 4824
38.8279 5360
39.1111 4288
39.1111 4824
39.1111 5360
39.2999 4288
39.2999 4824
39.2999 5360
39.2999 5896
39.6775 4824
39.6775 5360
39.6775 5896
39.8191 4824
39.8191 5360
39.8191 5896
40.0079 4824
40.0079 5360
40.0079 5896
40.2911 4824
40.2911 5360
40.2911 5896
40.4799 4824
40.4799 5360
40.4799 5896
40.7743 5360
40.7743 5896
40.9047 4824
40.9047 5360
40.9047 5896
41.0463 4824
41.0463 5360
41.0463 5896
41.2351 4824
41.2351 5360
41.2351 5896
41.5183 4824
41.5183 5360
41.5183 5896
41.7071 4824
41.7071 5360
41.7071 5896
41.7071 6432
42.0375 5360
42.0375 5896
42.0375 6432
42.1791 5360
42.1791 5896
42.1791 6432
42.4151 5360
42.4151 5896
42.4151 6432
42.6983 5360
42.6983 5896
42.6983 6432
42.8871 5360
42.8871 5896
42.8871 6432
43.0287 5360
43.0287 5896
43.0287 6432
43.3119 5360
43.3119 5896
43.3119 6432
43.5007 5360
43.5007 5896
43.5007 6432
43.6895 5360
43.6895 5896
43.6895 6432
43.9727 5360
43.9727 5896
43.9727 6432
44.1615 5360
44.1615 5896
44.1615 6432
44.3031 5360
44.3031 5896
44.3031 6432
44.5863 5360
44.5863 5896
44.5863 6432
44.5863 6968
44.7751 5896
44.7751 6432
44.7751 6968
44.9639 5896
44.9639 6432
44.9639 6968
45.2471 5896
45.2471 6432
45.2471 6968
45.4359 5896
45.4359 6432
45.4359 6968
45.5775 5896
45.5775 6432
45.5775 6968
45.8607 5896
45.8607 6432
45.8607 6968
46.0023 5896
46.0023 6432
46.0023 6968
46.1911 5896
46.1911 6432
46.1911 6968
46.4383 6432
46.4383 6968
46.5215 5896
46.5215 6432
46.5215 6968
46.7103 5896
46.7103 6432
46.7103 6968
46.9935 5896
46.9935 6432
46.9935 6968
47.1351 5896
47.1351 6432
47.1351 6968
47.4183 5896
47.4183 6432
47.4183 6968
47.4183 7504
47.5127 6432
47.5127 6968
47.5127 7504
47.7487 6432
47.7487 6968
47.7487 7504
47.9847 6432
47.9847 6968
47.9847 7504
48.2207 6432
48.2207 6968
48.2207 7504
48.4095 6432
48.4095 6968
48.4095 7504
48.6455 6432
48.6455 6968
48.6455 7504
48.7399 6432
48.7399 6968
48.7399 7504
48.9287 6432
48.9287 6968
48.9287 7504
49.1175 6432
49.1175 6968
49.1175 7504
49.2591 6432
49.2591 6968
49.2591 7504
49.4951 6432
49.4951 6968
49.4951 7504
49.6839 6432
49.6839 6968
49.6839 7504
49.9199 6432
49.9199 6968
49.9199 7504
50.0615 6432
50.0615 6968
50.0615 7504
50.0615 8040
50.2031 6968
50.2031 7504
50.2031 8040
50.3447 6968
50.3447 7504
50.3447 8040
50.4391 6968
50.4391 7504
50.4391 8040
50.5335 6968
50.5335 7504
50.5335 8040
50.7223 6968
50.7223 7504
50.7223 8040
50.9583 6968
50.9583 7504
50.9583 8040
51.0999 6968
51.0999 7504
51.0999 8040
51.2887 6968
51.2887 7504
51.2887 8040
51.4775 6968
51.4775 7504
51.4775 8040
51.5719 6968
51.5719 7504
51.5719 8040
51.6663 6968
51.6663 7504
51.6663 8040
51.8551 6968
51.8551 7504
51.8551 8040
52.1383 6968
52.1383 7504
52.1383 8040
52.2957 6968
52.2957 7504
52.2957 8040
52.3901 6968
52.3901 7504
52.3901 8040
52.4845 6968
52.4845 7504
52.4845 8040
52.4845 8576
52.5789 7504
52.5789 8040
52.5789 8576
52.6733 7504
52.6733 8040
52.6733 8576
52.7677 7504
52.7677 8040
52.7677 8576
52.8928 7504
52.8928 8040
52.8928 8576
53.0503 7504
53.0503 8040
53.0503 8576
53.1447 7504
53.1447 8040
53.1447 8576
53.2391 7504
53.2391 8040
53.2391 8576
53.3335 7504
53.3335 8040
53.3335 8576
53.4279 7504
53.4279 8040
53.4279 8576
53.5223 7504
53.5223 8040
53.5223 8576
53.6167 7504
53.6167 8040
53.6167 8440
53.7111 7368
53.852 6296
53.9464 5224
54.0408 4152
54.1352 3080
54.2296 2008
54.324 936
54.4076 0
