0.6464 536
1.54192 0
1.54192 536
1.54192 1072
2.5368 0
2.5368 536
2.5368 1072
2.5368 1608
3.53168 536
3.53168 1072
3.53168 1608
3.53168 2144
3.82608 1608
3.82608 2144
3.82608 2680
4.52656 1608
4.52656 2144
4.52656 2680
4.52656 3216
4.80976 2144
4.80976 2680
4.80976 3216
4.80976 3752
5.10416 3216
5.10416 3752
5.10416 4288
5.65936 3216
5.65936 3752
5.65936 4288
5.65936 4824
5.84816 3752
5.84816 4288
5.84816 4824
5.84816 5360
6.22576 4288
6.22576 4824
6.22576 5360
6.22576 5896
6.60336 4824
6.60336 5360
6.60336 5896
6.60336 6432
7.45296 5360
7.45296 5896
7.45296 6432
7.45296 6968
7.64176 5896
7.64176 6432
7.64176 6968
7.64176 7504
7.83056 6432
7.83056 6968
7.83056 7504
7.83056 8040
8.40816 7504
8.40816 8040
8.40816 8576
8.68016 7504
8.68016 8040
8.68016 8576
8.68016 9112
9.05776 8040
9.05776 8576
9.05776 9112
9.05776 9648
9.35216 9112
9.35216 9648
9.35216 10184
9.62416 9112
9.62416 9648
9.62416 10184
9.62416 10720
9.90992 10184
9.90992 10720
10.0043 10184
10.0043 10720
10.1013 9648
10.1013 10184
10.4789 9648
10.5733 8576
10.859 8040
10.9534 7504
11.0478 6432
11.4254 5896
11.5198 4288
11.5198 4824
11.7086 4288
11.7086 4824
11.803 4288
11.803 4824
11.8974 3752
11.8974 4288
11.8974 4824
11.9918 3752
11.9918 4288
11.9918 4824
12.0862 4288
12.0862 4824
12.8414 4288
12.8414 4824
13.1246 4288
13.1246 4824
13.219 4288
13.219 4824
13.3134 4288
13.3134 4824
13.4053 4288
13.4053 4824
13.4971 4288
13.4971 4824
13.5915 3752
13.5915 4288
13.5915 4824
13.7803 4288
13.7803 4824
14.7243 4288
14.7243 4824
15.1963 4288
15.1963 4824
15.4821 4288
15.4821 4824
15.579 4288
15.579 4824
15.6709 4288
15.6709 4824
16.0485 3752
16.0485 4288
16.0485 4824
16.1429 3752
16.1429 4288
16.1429 4824
16.3317 4288
16.3317 4824
16.6149 4288
16.8037 3752
16.8981 3216
16.9925 2680
17.2731 2144
17.3675 1608
17.3675 2144
17.4594 1608
17.4594 2144
17.6482 1072
17.6482 1608
17.6482 2144
18.4568 1072
18.4568 1608
18.4568 2144
18.6456 1072
18.6456 1608
18.6456 2144
19.3685 1072
19.3685 1608
19.3685 2144
19.5573 1072
19.5573 1608
19.5573 2144
20.3634 1072
20.3634 1608
20.3634 2144
20.3634 2680
20.5522 1608
20.5522 2144
20.5522 2680
21.2638 1608
21.2638 2144
21.2638 2680
21.547 1608
21.547 2144
21.547 2680
21.8414 2144
21.8414 2680
22.3022 1608
22.3022 2144
22.3022 2680
22.3022 3216
22.491 2144
22.491 2680
22.491 3216
23.0686 2680
23.0686 3216
23.435 2144
23.435 2680
23.435 3216
23.6238 2144
23.6238 2680
23.6238 3216
23.9182 2680
23.9182 3216
24.3902 2680
24.3902 3216
24.5678 2144
24.5678 2680
24.5678 3216
24.5678 3752
24.851 2680
24.851 3216
24.851 3752
25.2398 3216
25.2398 3752
25.795 2680
25.795 3216
25.795 3752
25.9838 2680
25.9838 3216
25.9838 3752
26.267 2680
26.267 3216
26.267 3752
26.7502 3216
26.7502 3752
27.1166 2680
27.1166 3216
27.1166 3752
27.1166 4288
27.3998 3216
27.3998 3752
27.3998 4288
27.5886 3216
27.5886 3752
27.5886 4288
28.355 3752
28.355 4288
28.627 3216
28.627 3752
28.627 4288
28.8158 3216
28.8158 3752
28.8158 4288
29.099 3216
29.099 3752
29.099 4288
29.3934 3752
29.3934 4288
30.0542 3752
30.0542 4288
30.2318 3216
30.2318 3752
30.2318 4288
30.2318 4824
30.4206 3752
30.4206 4288
30.4206 4824
30.7038 3752
30.7038 4288
30.7038 4824
31.0926 4288
31.0926 4824
31.8366 3752
31.8366 4288
31.8366 4824
32.0254 3752
32.0254 4288
32.0254 4824
32.2142 3752
32.2142 4288
32.2142 4824
32.403 3752
32.403 4288
32.403 4824
32.9806 4288
32.9806 4824
33.6302 3752
33.6302 4288
33.6302 4824
33.6302 5360
33.819 4288
33.819 4824
33.819 5360
34.0078 4288
34.0078 4824
34.0078 5360
34.1966 4288
34.1966 4824
34.1966 5360
34.963 4824
34.963 5360
35.5182 4288
35.5182 4824
35.5182 5360
35.707 4288
35.707 4824
35.707 5360
35.8958 4288
35.8958 4824
35.8958 5360
36.0846 4288
36.0846 4824
36.0846 5360
36.7566 4824
36.7566 5360
37.1342 4824
37.1342 5360
37.4062 4288
37.4062 4824
37.4062 5360
37.4062 5896
37.595 4824
37.595 5360
37.595 5896
37.7838 4824
37.7838 5360
37.7838 5896
38.1726 5360
38.1726 5896
38.5502 5360
38.5502 5896
38.9166 4824
38.9166 5360
38.9166 5896
39.2942 4824
39.2942 5360
39.2942 5896
39.5886 5360
39.5886 5896
39.7662 4824
39.7662 5360
39.7662 5896
40.0606 5360
40.0606 5896
40.2382 4824
40.2382 5360
40.2382 5896
40.7102 4824
40.7102 5360
40.7102 5896
40.7102 6432
41.0046 5896
41.0046 6432
41.1822 5360
41.1822 5896
41.1822 6432
41.6542 5360
41.6542 5896
41.6542 6432
41.9486 5896
41.9486 6432
42.1262 5360
42.1262 5896
42.1262 6432
42.5982 5360
42.5982 5896
42.5982 6432
42.8926 5896
42.8926 6432
43.1646 5360
43.1646 5896
43.1646 6432
43.5422 5360
43.5422 5896
43.5422 6432
43.8366 5896
43.8366 6432
44.1086 5360
44.1086 5896
44.1086 6432
44.403 5896
44.403 6432
44.5806 5360
44.5806 5896
44.5806 6432
44.5806 6968
45.0526 5896
45.0526 6432
45.0526 6968
45.347 6432
45.347 6968
45.5246 5896
45.5246 6432
45.5246 6968
45.9966 5896
45.9966 6432
45.9966 6968
46.291 6432
46.291 6968
46.4686 5896
46.4686 6432
46.4686 6968
46.8488 6432
46.8488 6968
46.9432 6432
46.9432 6968
47.0376 5896
47.0376 6432
47.3208 5896
47.4152 5360
47.5096 4824
47.604 4288
47.6984 3752
47.7928 3216
47.8872 2680
47.9816 2144
47.9816 2680
48.076 2144
48.076 2680
48.4536 2144
48.4536 2680
48.548 2144
48.548 2680
48.6398 2144
48.6398 2680
49.0174 1608
49.0174 2144
49.0174 2680
49.395 1608
49.395 2144
49.395 2680
49.7838 2144
49.7838 2680
49.7838 3216
50.0558 2144
50.0558 2680
50.0558 3216
50.4334 2144
50.4334 2680
50.4334 3216
50.811 2144
50.811 2680
50.811 3216
51.1886 2144
51.1886 2680
51.1886 3216
51.5662 2144
51.5662 2680
51.5662 3216
51.9438 2144
51.9438 2680
51.9438 3216
52.3214 2144
52.3214 2680
52.3214 3216
52.3214 3752
52.7934 2680
52.7934 3216
52.7934 3752
53.171 2680
53.171 3216
53.171 3752
53.5486 2680
53.5486 3216
53.5486 3752
53.843 3216
53.843 3752
54.115 2680
54.115 3216
54.115 3752
54.4926 2680
54.4926 3216
54.4926 3752
54.8702 2680
54.8702 3216
54.8702 3752
54.8702 4288
55.259 3752
55.259 4288
55.4366 3216
55.4366 3752
55.4366 4288
55.9086 3216
55.9086 3752
55.9086 4288
56.2862 3216
56.2862 3752
56.2862 4288
56.5806 3752
56.5806 4288
56.7582 3216
56.7582 3752
56.7582 4288
57.147 3752
57.147 4288
57.3246 3216
57.3246 3752
57.3246 4288
57.7966 3216
57.7966 3752
57.7966 4288
57.7966 4824
58.1854 4288
58.1854 4824
58.363 3752
58.363 4288
58.363 4824
58.7406 3752
58.7406 4288
58.7406 4824
59.1294 4288
59.1294 4824
59.307 3752
59.307 4288
59.307 4824
59.6014 4288
59.6014 4824
59.9678 3752
59.9678 4288
59.9678 4824
60.2622 4288
60.2622 4824
60.4398 3752
60.4398 4288
60.4398 4824
60.4398 5360
60.8174 4288
60.8174 4824
60.8174 5360
61.195 4288
61.195 4824
61.195 5360
61.7614 4288
61.7614 4824
61.7614 5360
62.139 4288
62.139 4824
62.139 5360
62.3278 4288
62.3278 4824
62.3278 5360
62.7054 4288
62.7054 4824
62.7054 5360
63.083 4288
63.083 4824
63.083 5360
63.6494 4288
63.6494 4824
63.6494 5360
64.027 4288
64.027 4824
64.027 5360
64.2158 4288
64.2158 4824
64.2158 5360
64.5934 4288
64.5934 4824
64.5934 5360
64.5934 5896
64.971 4824
64.971 5360
64.971 5896
65.5374 4824
65.5374 5360
65.5374 5896
65.915 4824
65.915 5360
65.915 5896
66.1982 4824
66.1982 5360
66.1982 5896
66.4814 4824
66.4814 5360
66.4814 5896
66.7646 4824
66.7646 5360
66.7646 5896
67.059 5360
67.059 5896
67.4254 4824
67.4254 5360
67.4254 5896
67.803 4824
67.803 5360
67.803 5896
68.2862 5360
68.2862 5896
68.4638 4824
68.4638 5360
68.4638 5896
68.4638 6432
68.747 5360
68.747 5896
68.747 6432
69.3134 5360
69.3134 5896
69.3134 6432
69.7854 5360
69.7854 5896
69.7854 6432
70.2574 5360
70.2574 5896
70.2574 6432
70.5406 5360
70.5406 5896
70.5406 6432
70.9208 5896
70.9208 6432
71.1096 5896
71.1096 6432
71.4872 5360
71.4872 5896
71.676 5360
71.9592 4824
72.0536 4288
72.2424 3752
72.3368 3216
72.7144 2680
72.8088 2144
72.8088 2680
72.9032 2144
72.9032 2680
73.1864 2144
73.1864 2680
73.2808 2144
73.2808 2680
73.3726 2144
73.3726 2680
74.5054 1608
74.5054 2144
74.5054 2680
74.6942 1608
74.6942 2144
74.6942 2680
74.9886 2144
74.9886 2680
75.4059 1608
75.4059 2144
75.4059 2680
75.5947 1608
75.5947 2144
75.5947 2680
75.5947 3016
75.9947 2480
76.3064 1408
76.4952 336
76.5416 0
