0.63712 536
1.44752 0
1.44752 536
1.44752 1072
2.348 0
2.348 536
2.348 1072
2.348 1608
3.24848 536
3.24848 1072
3.24848 1608
3.24848 2144
3.54288 1608
3.54288 2144
3.54288 2680
4.14896 1608
4.14896 2144
4.14896 2680
4.14896 3216
4.43216 2144
4.43216 2680
4.43216 3216
4.43216 3752
4.82096 3216
4.82096 3752
4.82096 4288
5.09296 3216
5.09296 3752
5.09296 4288
5.09296 4824
5.28176 3752
5.28176 4288
5.28176 4824
5.28176 5360
5.47056 4288
5.47056 4824
5.47056 5360
5.47056 5896
6.13136 4824
6.13136 5360
6.13136 5896
6.13136 6432
6.50896 5360
6.50896 5896
6.50896 6432
6.50896 6968
6.79216 5896
6.79216 6432
6.79216 6968
6.79216 7504
6.98096 6432
6.98096 6968
6.98096 7504
6.98096 8040
7.16976 6968
7.16976 7504
7.16976 8040
7.16976 8576
7.46416 8040
7.46416 8576
7.46416 9112
8.01936 8040
8.01936 8576
8.01936 9112
8.01936 9648
8.30256 8576
8.30256 9112
8.30256 9648
8.30256 10184
8.49136 9112
8.49136 9648
8.49136 10184
8.49136 10720
8.86896 9648
8.86896 10184
8.86896 10720
8.86896 11256
9.24912 10720
9.24912 11256
9.34352 10720
9.34352 11256
9.44048 10184
9.44048 10720
9.72368 10184
9.81808 8576
10.1957 8040
10.2901 7504
10.387 6968
10.6702 6432
10.7646 5360
11.1422 2680
11.1422 3216
11.1422 3752
11.1422 4288
11.1422 4824
11.2366 4288
11.2366 4824
11.331 3752
11.331 4288
11.331 4824
11.6142 4288
11.6142 4824
12.1806 4288
12.1806 4824
12.275 4288
12.275 4824
12.3694 4288
12.3694 4824
12.4638 4288
12.4638 4824
12.5582 4288
12.5582 4824
12.6526 4288
12.6526 4824
12.7445 4288
12.7445 4824
13.0251 4288
13.0251 4824
13.9691 3752
13.9691 4288
13.9691 4824
14.1579 4288
14.1579 4824
14.3467 4288
14.3467 4824
15.0101 4288
15.0101 4824
15.1045 4288
15.1045 4824
15.417 0
15.417 536
15.7627 0
15.7627 536
15.7627 1072
17.0843 536
17.0843 1072
17.0843 1608
17.1787 1072
17.1787 1608
17.1787 2144
17.8904 1608
17.8904 2144
18.0792 1072
18.0792 1608
18.0792 2144
18.0792 2680
18.3736 2144
18.3736 2680
18.8853 1608
18.8853 2144
18.8853 2680
19.0741 1608
19.0741 2144
19.0741 2680
19.3797 2144
19.3797 2680
19.7858 1608
19.7858 2144
19.7858 2680
19.7858 3216
19.9746 2144
19.9746 2680
19.9746 3216
20.469 2680
20.469 3216
20.741 2144
20.741 2680
20.741 3216
20.9298 2144
20.9298 2680
20.9298 3216
21.2242 2680
21.2242 3216
21.6526 2680
21.6526 3216
21.6526 3752
21.8302 2680
21.8302 3216
21.8302 3752
22.019 2680
22.019 3216
22.019 3752
22.3134 3216
22.3134 3752
22.6798 2680
22.6798 3216
22.6798 3752
22.963 2680
22.963 3216
22.963 3752
23.1518 2680
23.1518 3216
23.1518 3752
23.5406 3216
23.5406 3752
23.907 2680
23.907 3216
23.907 3752
23.907 4288
24.0958 3216
24.0958 3752
24.0958 4288
24.379 3216
24.379 3752
24.379 4288
24.8622 3752
24.8622 4288
25.1342 3216
25.1342 3752
25.1342 4288
25.323 3216
25.323 3752
25.323 4288
25.5118 3216
25.5118 3752
25.5118 4288
25.9006 3752
25.9006 4288
26.3614 3216
26.3614 3752
26.3614 4288
26.3614 4824
26.6446 3752
26.6446 4288
26.6446 4824
26.8334 3752
26.8334 4288
26.8334 4824
27.1278 4288
27.1278 4824
27.411 4288
27.411 4824
27.7774 3752
27.7774 4288
27.7774 4824
27.9662 3752
27.9662 4288
27.9662 4824
28.2494 3752
28.2494 4288
28.2494 4824
28.5326 3752
28.5326 4288
28.5326 4824
29.1102 4288
29.1102 4824
29.3822 3752
29.3822 4288
29.3822 4824
29.3822 5360
29.571 4288
29.571 4824
29.571 5360
29.7598 4288
29.7598 4824
29.7598 5360
30.043 4288
30.043 4824
30.043 5360
30.7982 4288
30.7982 4824
30.7982 5360
31.0814 4288
31.0814 4824
31.0814 5360
31.2702 4288
31.2702 4824
31.2702 5360
31.459 4288
31.459 4824
31.459 5360
31.7422 4288
31.7422 4824
31.7422 5360
32.5918 4288
32.5918 4824
32.5918 5360
32.875 4288
32.875 4824
32.875 5360
32.875 5896
33.0638 4824
33.0638 5360
33.0638 5896
33.2526 4824
33.2526 5360
33.2526 5896
33.4414 4824
33.4414 5360
33.4414 5896
34.3854 4824
34.3854 5360
34.3854 5896
34.5742 4824
34.5742 5360
34.5742 5896
34.8574 4824
34.8574 5360
34.8574 5896
35.0462 4824
35.0462 5360
35.0462 5896
35.235 4824
35.235 5360
35.235 5896
35.5294 5360
35.5294 5896
36.2734 4824
36.2734 5360
36.2734 5896
36.4622 4824
36.4622 5360
36.4622 5896
36.7454 4824
36.7454 5360
36.7454 5896
36.7454 6432
37.0286 5360
37.0286 5896
37.0286 6432
37.2174 5360
37.2174 5896
37.2174 6432
38.067 5360
38.067 5896
38.067 6432
38.2558 5360
38.2558 5896
38.2558 6432
38.539 5360
38.539 5896
38.539 6432
38.8222 5360
38.8222 5896
38.8222 6432
39.1054 5360
39.1054 5896
39.1054 6432
39.5774 5360
39.5774 5896
39.5774 6432
40.0494 5360
40.0494 5896
40.0494 6432
40.427 5360
40.427 5896
40.427 6432
40.7214 5896
40.7214 6432
40.9934 5360
40.9934 5896
40.9934 6432
41.371 5360
41.371 5896
41.371 6432
41.371 6968
41.6654 6432
41.6654 6968
41.9374 5896
41.9374 6432
41.9374 6968
42.315 5896
42.315 6432
42.315 6968
42.6094 6432
42.6094 6968
42.8814 5896
42.8814 6432
42.8814 6968
43.1758 6432
43.1758 6968
43.3534 5896
43.3534 6432
43.3534 6968
43.8254 5896
43.8254 6432
43.8254 6968
44.1198 6432
44.1198 6968
44.3918 5896
44.3918 6432
44.3918 6968
44.6776 6432
44.6776 6968
44.772 6432
44.772 6968
44.8664 5896
44.8664 6432
45.244 5896
45.3384 5360
45.6216 4824
45.716 4288
45.8104 3752
46.188 3216
46.2824 2680
46.5656 2144
46.5656 2680
46.66 2144
46.66 2680
46.7544 2144
46.7544 2680
47.132 2144
47.132 2680
47.2238 2144
47.2238 2680
48.2622 1608
48.2622 2144
48.2622 2680
48.5566 2144
48.5566 2680
48.8286 1608
48.8286 2144
48.8286 2680
48.8286 3216
49.2062 2144
49.2062 2680
49.2062 3216
49.6782 2144
49.6782 2680
49.6782 3216
49.867 2144
49.867 2680
49.867 3216
50.2446 2144
50.2446 2680
50.2446 3216
50.6222 2144
50.6222 2680
50.6222 3216
50.9998 2144
50.9998 2680
50.9998 3216
51.3774 2144
51.3774 2680
51.3774 3216
51.3774 3752
51.755 2680
51.755 3216
51.755 3752
52.1326 2680
52.1326 3216
52.1326 3752
52.5102 2680
52.5102 3216
52.5102 3752
52.8046 3216
52.8046 3752
52.9822 2680
52.9822 3216
52.9822 3752
53.3598 2680
53.3598 3216
53.3598 3752
53.8318 2680
53.8318 3216
53.8318 3752
53.8318 4288
54.2094 3216
54.2094 3752
54.2094 4288
54.5038 3752
54.5038 4288
54.6814 3216
54.6814 3752
54.6814 4288
55.1534 3216
55.1534 3752
55.1534 4288
55.4478 3752
55.4478 4288
55.6254 3216
55.6254 3752
55.6254 4288
56.003 3216
56.003 3752
56.003 4288
56.2974 3752
56.2974 4288
56.5694 3216
56.5694 3752
56.5694 4288
56.5694 4824
57.0414 3752
57.0414 4288
57.0414 4824
57.3358 4288
57.3358 4824
57.5134 3752
57.5134 4288
57.5134 4824
57.891 3752
57.891 4288
57.891 4824
58.1742 3752
58.1742 4288
58.1742 4824
58.5518 3752
58.5518 4288
58.5518 4824
59.0238 3752
59.0238 4288
59.0238 4824
59.3182 4288
59.3182 4824
59.5902 3752
59.5902 4288
59.5902 4824
59.5902 5360
59.8734 4288
59.8734 4824
59.8734 5360
60.251 4288
60.251 4824
60.251 5360
60.6286 4288
60.6286 4824
60.6286 5360
61.1006 4288
61.1006 4824
61.1006 5360
61.3838 4288
61.3838 4824
61.3838 5360
61.5726 4288
61.5726 4824
61.5726 5360
62.0446 4288
62.0446 4824
62.0446 5360
62.5166 4288
62.5166 4824
62.5166 5360
62.8942 4288
62.8942 4824
62.8942 5360
63.2718 4288
63.2718 4824
63.2718 5360
63.4606 4288
63.4606 4824
63.4606 5360
63.4606 5896
63.8382 4824
63.8382 5360
63.8382 5896
64.4046 4824
64.4046 5360
64.4046 5896
64.7822 4824
64.7822 5360
64.7822 5896
65.1598 4824
65.1598 5360
65.1598 5896
65.3486 4824
65.3486 5360
65.3486 5896
65.7262 4824
65.7262 5360
65.7262 5896
66.2926 4824
66.2926 5360
66.2926 5896
66.8702 5360
66.8702 5896
67.0478 4824
67.0478 5360
67.0478 5896
67.2366 4824
67.2366 5360
67.2366 5896
67.6142 4824
67.6142 5360
67.6142 5896
67.6142 6432
67.9918 5360
67.9918 5896
67.9918 6432
68.275 5360
68.275 5896
68.275 6432
68.8414 5360
68.8414 5896
68.8414 6432
69.0302 5360
69.0302 5896
69.0302 6432
69.4078 5360
69.4078 5896
69.4078 6432
69.5966 5360
69.5966 5896
69.5966 6432
69.9742 5360
69.9742 5896
69.9742 6432
70.2686 5896
70.2686 6432
70.5518 5896
70.5518 6432
70.7294 5360
70.7294 5896
70.7294 6432
71.0126 5360
71.0126 5896
71.0126 6432
71.2958 5360
71.2958 5896
71.2958 6432
71.579 5360
71.579 5896
71.579 6432
71.579 6968
71.8622 5896
71.8622 6432
71.8622 6968
72.3454 6432
72.3454 6968
72.523 5896
72.523 6432
72.523 6968
72.8174 6432
72.8174 6968
73.0894 5896
73.5614 4824
73.6584 4288
73.7528 3752
73.8472 2680
73.8472 3216
73.9416 2680
74.036 2144
74.1304 1608
74.2248 1072
74.4136 536
74.883 0
