8.08976 5896
8.08976 5896
11.8619 5896
12.1451 5896
12.3339 5896
12.6171 5896
12.8531 5896
12.9947 5896
13.1835 5896
13.3251 5896
13.5139 5896
13.6083 5896
13.7493 5896
13.9419 5896
14.0835 5896
14.2723 5896
14.4139 5896
14.5083 5896
14.6965 5896
14.8381 5896
14.9797 5896
15.1213 5896
15.2157 5896
15.3573 5896
15.4989 5896
15.6877 5896
15.8293 5896
15.9709 5896
16.0653 5896
16.2069 5896
16.3485 5896
16.5373 5896
16.6789 5896
16.8205 5896
16.9149 5896
17.0093 5896
17.1981 5896
17.3397 5896
17.5285 5896
17.7173 5896
17.8117 5896
17.9061 5896
18.0477 5896
18.1893 5896
18.3781 5896
18.5669 5896
18.6613 5896
18.8029 5896
18.8973 5896
19.0389 5896
19.1805 5896
19.3693 5896
19.6053 5896
19.6997 5896
19.7941 5896
19.8885 5896
20.0773 5896
20.2189 5896
20.4077 5896
20.5965 5896
20.6909 5896
20.8325 5896
20.9269 5896
21.0685 5896
21.2101 5896
21.3989 5896
21.6349 5896
21.7293 5896
21.8709 5896
21.9653 5896
22.1069 5896
22.2957 5896
22.4373 5896
22.6733 5896
22.7677 5896
22.9565 5896
23.0509 5896
23.1453 5896
23.3341 5896
23.4285 5896
23.6173 5896
23.8533 5896
23.9949 5896
24.1365 5896
24.2309 5896
24.3725 5896
24.5613 5896
24.6557 5896
24.8445 5896
25.0333 5896
25.2221 5896
25.3165 5896
25.4581 5896
25.5997 5896
25.7413 5896
25.8829 5896
26.0245 5896
26.2133 5896
26.4493 5896
26.5437 5896
26.6853 5896
26.8741 5896
26.9685 5896
27.1573 5896
27.2517 5896
27.4405 5896
27.6765 5896
27.7709 5896
27.9125 5896
28.1013 5896
28.1957 5896
28.4317 5896
28.5261 5896
28.7149 5896
28.9509 5896
29.1397 5896
29.2341 5896
29.4229 5896
29.5173 5896
29.7061 5896
29.8949 5896
29.9893 5896
30.2725 5896
30.4613 5896
30.652 5896
30.7464 4556
30.7464 4556
33.0573 4556
33.2461 4556
33.4933 4556
33.8597 4556
34.0013 4556
34.1429 4556
34.4373 4556
34.6733 4556
34.8981 4556
35.0397 4556
35.1341 4556
35.4285 4556
35.6645 4556
35.8893 4556
36.0781 4556
36.2197 4556
36.4669 4556
36.7029 4556
36.9277 4556
37.0693 4556
37.2581 4556
37.3525 4556
37.7885 4556
38.0133 4556
38.1549 4556
38.3437 4556
38.4381 4556
38.7325 4556
39.1461 4556
39.2877 4556
39.4765 4556
39.5709 4556
39.7125 4556
40.1485 4556
40.4205 4556
40.5621 4556
40.7509 4556
40.8453 4556
40.9869 4556
41.5645 4556
41.6949 4556
41.8837 4556
42.0725 4556
42.1669 4556
42.4029 4556
42.6501 4556
42.9221 4556
43.1109 4556
43.2997 4556
43.3941 4556
43.6301 4556
43.8773 4556
44.1133 4556
44.1965 4556
44.3853 4556
44.5741 4556
44.7157 4556
44.8573 4556
45.1045 4556
45.3405 4556
45.4237 4556
45.6125 4556
45.8013 4556
45.9901 4556
46.1789 4556
46.4149 4556
46.5093 4556
46.6037 4556
46.6981 4556
46.8397 4556
47.0285 4556
47.2173 4556
47.5005 4556
47.5949 4556
47.6893 4556
47.7837 4556
47.9253 4556
48.1141 4556
48.3029 4556
48.4917 4556
48.6333 4556
48.7277 4556
48.8221 4556
48.9637 4556
49.1053 4556
49.2941 4556
49.4829 4556
49.6245 4556
49.7661 4556
49.8605 4556
49.9549 4556
50.1437 4556
50.3325 4556
50.5213 4556
50.6629 4556
50.8517 4556
50.9461 4556
51.0405 4556
51.1821 4556
51.3709 4556
51.5125 4556
51.7013 4556
51.8429 4556
51.9894 4556
52.0838 4556
52.1782 4556
52.2726 4556
52.367 4556
52.4614 4556
52.5558 4556
52.6546 4556
52.7912 4556
52.8856 4556
52.98 4556
53.0744 4556
53.1566 4556
